CR=439.00;
cr=CR*113/10^7*1000;
cr2=439/88.4;
cr2^(-1.154)*36^(-0.203)*175